0 (264,168)(261,240)(285,78)(240,261)(183,129)
1 (264,240)(264,174)(285,84)(246,264)(186,141)
2 (264,237)(264,171)(288,84)(249,261)(231,240)
3 (264,234)(264,168)(288,84)(252,255)(231,237)
4 (261,234)(261,171)(243,255)(288,84)(204,135)
5 (255,240)(204,126)(258,171)(234,249)(291,87)
6 (249,243)(204,117)(255,171)(228,252)(291,90)
7 (243,243)(249,174)(198,120)(222,258)(291,93)
8 (237,246)(246,177)(210,264)(291,102)(261,102)
9 (231,246)(240,180)(201,267)(291,105)(198,240)
10 (228,243)(237,177)(192,264)(288,108)(156,171)
11 (225,243)(288,114)(231,180)(189,264)(150,174)
12 (225,243)(285,114)(225,183)(186,261)(144,168)
13 (225,243)(189,258)(222,186)(273,105)(141,153)
14 (228,243)(192,258)(219,186)(255,96)(141,135)
15 (231,240)(195,255)(219,186)(252,93)(150,120)
16 (237,237)(195,252)(216,183)(255,90)(153,114)
17 (240,237)(216,177)(198,252)(261,90)(150,114)
18 (216,171)(243,237)(198,249)(264,87)(147,108)
19 (219,171)(246,240)(201,252)(267,87)(147,108)
20 (222,177)(249,246)(201,258)(273,96)(144,117)
21 (225,186)(255,258)(204,270)(279,105)(147,132)
22 (228,198)(258,267)(210,279)(282,114)(150,147)
23 (231,198)(261,267)(216,279)(288,120)(213,255)
24 (234,195)(264,261)(225,273)(291,117)(219,249)
25 (240,192)(267,258)(228,270)(291,111)(156,147)
26 (246,189)(273,258)(231,270)(285,102)(165,135)
27 (252,186)(282,252)(234,270)(285,93)(183,126)
28 (255,183)(285,246)(240,264)(291,90)(195,111)
29 (261,177)(285,243)(240,258)(303,90)(201,111)
30 (267,174)(279,243)(243,258)(312,81)(201,111)
31 (276,171)(276,243)(243,258)(315,81)(204,111)
32 (285,177)(276,246)(240,261)(318,84)(207,120)
33 (279,255)(291,183)(243,270)(321,93)(213,135)
34 (285,258)(246,279)(324,102)(297,195)(222,150)
35 (288,261)(258,282)(327,105)(228,165)(303,198)
36 (294,258)(270,279)(327,102)(243,177)(306,195)
37 (294,261)(324,105)(282,282)(243,174)(306,189)
38 (297,264)(318,102)(294,285)(252,162)(297,243)
39 (252,147)(297,273)(312,90)(297,252)(309,186)
40 (249,132)(297,258)(309,183)(309,87)(300,279)
41 (309,177)(300,246)(246,120)(297,273)(318,81)
42 (309,168)(303,246)(240,111)(339,75)(294,267)
43 (309,162)(309,237)(351,72)(240,99)(285,255)
44 (312,153)(315,234)(360,66)(273,246)(243,87)
45 (315,150)(324,231)(363,57)(264,240)(249,75)
46 (318,144)(330,234)(372,54)(255,66)(264,231)
47 (324,138)(336,231)(378,51)(267,225)(258,66)
48 (327,141)(339,234)(387,57)(273,228)(258,69)
49 (333,150)(345,240)(279,234)(396,66)(261,81)
50 (336,165)(399,81)(285,249)(345,249)(261,93)
51 (339,183)(291,267)(399,96)(348,267)(264,117)
52 (342,204)(300,285)(393,108)(348,279)(270,147)
53 (312,294)(351,279)(390,117)(345,207)(273,153)
54 (342,201)(357,264)(327,288)(387,117)(264,156)
55 (336,192)(357,252)(381,117)(339,282)(258,153)
56 (327,186)(351,252)(369,111)(261,141)(336,285)
57 (321,186)(345,255)(258,132)(351,105)(345,279)
58 (315,186)(252,129)(339,267)(330,93)(333,288)
59 (312,186)(246,129)(324,276)(330,96)(306,303)
60 (306,189)(309,282)(234,132)(336,108)(300,303)
61 (303,192)(339,117)(300,285)(219,150)(279,300)
62 (297,198)(342,126)(297,288)(258,300)(252,273)
63 (291,204)(339,126)(243,294)(297,285)(240,267)
64 (288,204)(234,288)(294,282)(324,114)(213,150)
65 (234,273)(282,207)(291,270)(312,114)(222,129)
66 (237,261)(288,261)(273,204)(315,111)(225,129)
67 (240,255)(285,255)(324,111)(267,201)(210,129)
68 (240,249)(279,249)(333,114)(264,195)(201,123)
69 (237,249)(273,252)(261,195)(336,120)(201,114)
70 (231,258)(267,258)(255,198)(336,132)(201,117)
71 (267,270)(225,270)(252,207)(330,141)(204,270)
72 (267,282)(216,282)(252,216)(324,141)(201,135)
73 (273,291)(252,225)(219,291)(312,138)(225,264)
74 (285,294)(228,291)(246,219)(309,132)(231,267)
75 (243,213)(243,288)(291,288)(300,126)(288,267)
76 (240,207)(291,282)(246,282)(294,117)(285,261)
77 (237,198)(285,276)(243,276)(288,105)(264,276)
78 (231,186)(273,270)(234,270)(288,105)(231,243)
79 (228,183)(261,270)(222,267)(291,105)(222,240)
80 (222,180)(249,270)(297,114)(207,267)(168,111)
81 (219,186)(243,270)(300,126)(192,270)(165,111)
82 (216,192)(231,279)(297,132)(177,273)(168,117)
83 (213,204)(225,285)(279,126)(171,126)(165,279)
84 (219,213)(228,291)(279,135)(174,135)(168,285)
85 (219,213)(237,294)(177,288)(276,135)(240,273)
86 (216,207)(198,282)(252,288)(273,126)(195,258)
87 (213,198)(213,270)(255,276)(264,114)(165,123)
88 (213,189)(222,258)(258,261)(267,102)(159,114)
89 (213,174)(252,252)(222,249)(270,96)(153,105)
90 (210,165)(243,243)(222,246)(276,93)(153,96)
91 (210,162)(237,237)(216,246)(279,93)(195,252)
92 (210,162)(234,240)(279,99)(192,252)(192,225)
93 (207,171)(231,249)(285,111)(177,255)(153,99)
94 (204,183)(228,261)(282,120)(159,105)(153,267)
95 (204,192)(225,270)(270,117)(168,111)(165,240)
96 (201,195)(216,273)(162,270)(273,120)(168,114)
97 (198,195)(207,279)(165,264)(270,126)(153,117)
98 (192,195)(168,249)(192,276)(279,141)(153,111)
99 (165,243)(186,189)(183,273)(279,150)(156,105)
100 (180,189)(153,240)(168,267)(276,153)(153,105)
101 (144,240)(177,189)(156,264)(267,147)(147,105)
102 (135,243)(171,195)(153,264)(261,147)(144,108)
103 (129,249)(153,267)(168,201)(255,147)(141,114)
104 (162,273)(126,258)(171,210)(249,153)(129,123)
105 (129,273)(171,219)(180,282)(243,153)(108,267)
106 (204,285)(141,282)(168,219)(243,156)(120,279)
107 (222,279)(165,216)(159,291)(240,156)(138,288)
108 (165,210)(231,273)(174,291)(243,159)(171,267)
109 (165,207)(234,270)(183,291)(243,156)(87,177)
110 (165,207)(234,270)(186,291)(243,159)(87,183)
111 (165,207)(231,273)(189,288)(240,162)(87,189)
112 (162,210)(222,279)(237,168)(180,291)(90,192)
113 (165,213)(213,282)(234,186)(168,291)(93,192)
114 (165,216)(204,285)(234,198)(162,288)(99,195)
115 (165,216)(195,285)(150,282)(234,207)(105,195)
116 (168,213)(192,282)(240,210)(144,273)(102,183)
117 (189,282)(168,216)(246,210)(141,270)(147,246)
118 (186,279)(168,216)(141,270)(252,198)(114,141)
119 (189,276)(144,270)(168,213)(255,183)(150,246)
120 (189,273)(165,204)(258,174)(147,264)(141,123)
121 (183,267)(168,201)(261,174)(141,264)(132,123)
122 (174,267)(174,204)(264,180)(135,267)(123,132)
123 (171,267)(183,210)(267,186)(129,276)(117,156)
124 (180,270)(189,216)(135,282)(267,177)(144,255)
125 (195,216)(198,276)(150,288)(270,174)(147,261)
126 (195,213)(213,276)(168,288)(270,171)(147,285)
127 (195,213)(225,273)(273,165)(180,288)(174,267)
128 (201,210)(231,273)(273,162)(192,288)(147,156)
129 (207,207)(231,279)(273,159)(198,291)(150,162)
130 (210,207)(276,159)(231,282)(201,291)(126,186)
131 (216,207)(279,159)(228,276)(201,297)(132,207)
132 (219,207)(282,159)(228,276)(201,294)(135,195)
133 (222,207)(222,276)(285,159)(195,297)(138,171)
134 (216,276)(225,207)(285,162)(189,297)(150,159)
135 (210,273)(225,207)(288,162)(186,294)(159,156)
136 (207,270)(183,288)(228,207)(288,162)(159,168)
137 (204,267)(183,285)(288,162)(231,207)(165,189)
138 (207,267)(183,285)(288,162)(165,216)(231,207)
139 (207,264)(189,285)(285,162)(162,198)(231,207)
140 (210,267)(195,288)(282,162)(174,168)(228,204)
141 (210,273)(177,150)(282,162)(198,294)(225,204)
142 (213,270)(177,135)(222,201)(282,159)(201,291)
143 (210,276)(219,201)(168,135)(279,159)(189,273)
144 (207,279)(219,201)(279,156)(153,144)(195,300)
145 (210,279)(219,201)(276,156)(192,300)(138,162)
146 (219,201)(213,276)(276,153)(192,294)(138,204)
147 (219,201)(273,153)(219,273)(183,297)(141,207)
148 (216,201)(273,153)(219,270)(183,294)(132,177)
149 (213,204)(270,153)(186,288)(222,267)(147,159)
150 (210,204)(273,150)(219,267)(183,282)(159,147)
151 (213,267)(273,153)(207,207)(159,144)(183,282)
152 (204,267)(204,210)(273,153)(177,282)(150,153)
153 (198,267)(171,282)(207,210)(273,153)(165,261)
154 (195,267)(207,207)(168,282)(273,153)(129,207)
155 (198,267)(165,282)(207,207)(273,153)(123,195)
156 (201,267)(165,285)(207,207)(273,150)(123,168)
157 (204,267)(204,207)(168,285)(270,150)(132,150)
158 (201,204)(201,270)(171,285)(270,150)(141,138)
159 (201,204)(201,273)(171,285)(270,150)(141,141)
160 (201,204)(198,273)(270,150)(171,288)(132,153)
161 (204,204)(201,273)(267,150)(171,288)(117,174)
162 (204,204)(204,273)(270,150)(174,288)(120,207)
163 (204,204)(210,270)(267,150)(177,288)(138,222)
164 (207,204)(216,267)(177,285)(270,147)(123,204)
165 (207,204)(180,285)(219,267)(270,150)(123,180)
166 (207,204)(219,267)(183,285)(270,147)(135,159)
167 (204,204)(213,267)(273,150)(186,282)(147,144)
168 (207,204)(210,270)(183,285)(273,150)(147,144)
169 (204,270)(210,207)(276,153)(180,285)(138,159)
170 (201,270)(213,204)(279,156)(174,288)(168,267)
171 (204,270)(213,204)(279,159)(171,288)(135,210)
172 (207,270)(216,204)(279,159)(171,291)(156,228)
173 (213,270)(216,204)(279,159)(174,288)(138,213)
174 (216,267)(279,153)(216,204)(180,285)(141,189)
175 (216,267)(219,204)(273,141)(186,285)(144,177)
176 (219,267)(219,204)(267,129)(192,285)(156,168)
177 (222,264)(222,201)(198,282)(252,111)(150,165)
178 (225,258)(201,282)(228,198)(249,105)(153,150)
179 (234,249)(231,195)(207,273)(258,96)(159,135)
180 (240,246)(234,186)(213,261)(270,93)(162,126)
181 (246,243)(234,180)(219,252)(285,93)(168,114)
182 (237,174)(249,237)(219,243)(297,90)(177,99)
183 (243,168)(255,237)(216,240)(306,87)(213,213)
184 (249,159)(264,234)(213,231)(315,78)(216,207)
185 (255,153)(270,231)(213,225)(327,78)(204,69)
186 (264,150)(276,231)(219,222)(339,69)(225,195)
187 (276,144)(285,237)(228,222)(345,60)(255,150)
188 (285,144)(297,237)(237,222)(357,57)(222,63)
189 (297,144)(309,237)(252,228)(363,51)(231,63)
190 (309,144)(327,237)(369,45)(270,234)(240,66)
191 (324,144)(378,45)(345,237)(291,240)(249,69)
192 (339,144)(387,42)(360,234)(315,246)(264,72)
193 (354,147)(372,237)(396,42)(273,78)(336,249)
194 (369,150)(405,48)(285,84)(384,240)(354,258)
195 (381,162)(390,249)(417,60)(369,273)(297,102)
196 (396,177)(399,261)(426,72)(384,288)(312,126)
197 (411,192)(408,270)(432,84)(396,300)(330,147)
198 (420,270)(420,195)(441,93)(405,300)(339,156)
199 (432,261)(456,99)(405,288)(426,189)(342,168)
200 (441,249)(465,105)(408,279)(423,177)(399,258)
201 (408,273)(465,108)(441,240)(423,171)(351,147)
202 (462,102)(441,240)(417,171)(408,270)(345,129)
203 (435,243)(456,102)(411,174)(348,111)(399,270)
204 (405,171)(450,96)(423,249)(342,111)(393,270)
205 (399,171)(441,93)(402,252)(324,117)(375,273)
206 (393,171)(432,93)(384,249)(360,273)(306,144)
207 (387,171)(372,249)(423,93)(345,270)(300,162)
208 (375,174)(363,246)(414,93)(333,270)(294,132)
209 (363,177)(357,243)(327,267)(408,90)(300,114)
210 (348,177)(354,243)(303,102)(399,90)(321,261)
211 (336,168)(345,237)(309,249)(396,87)(294,96)
212 (327,156)(336,231)(297,234)(396,78)(276,228)
213 (321,147)(327,225)(282,222)(396,72)(267,72)
214 (315,138)(324,222)(276,213)(387,60)(261,66)
215 (312,132)(324,222)(276,210)(378,45)(255,63)
216 (309,129)(330,222)(279,210)(375,42)(249,63)
217 (309,132)(339,225)(285,216)(375,42)(318,231)
218 (309,138)(345,231)(288,228)(369,45)(234,78)
219 (309,150)(357,243)(297,246)(228,108)(372,54)
220 (312,168)(363,258)(306,267)(363,69)(228,129)
221 (315,183)(372,270)(318,285)(360,87)(234,141)
222 (315,198)(378,282)(324,297)(360,105)(324,270)
223 (312,204)(375,282)(327,291)(363,114)(324,264)
224 (363,276)(312,204)(378,123)(321,282)(342,279)
225 (342,267)(393,138)(312,207)(312,282)(309,252)
226 (327,261)(393,150)(300,282)(309,213)(321,282)
227 (390,150)(294,279)(318,252)(309,213)(273,276)
228 (276,267)(384,153)(318,252)(309,213)(255,270)
229 (267,267)(324,258)(381,153)(309,213)(246,267)
230 (327,264)(264,270)(375,147)(300,213)(216,189)
231 (324,270)(264,276)(366,141)(294,213)(213,186)
232 (318,273)(267,285)(285,210)(354,135)(213,171)
233 (309,279)(279,207)(270,285)(336,123)(213,150)
234 (267,204)(303,282)(264,285)(318,117)(300,261)
235 (261,201)(294,279)(252,285)(315,114)(273,282)
236 (258,198)(291,276)(324,114)(249,282)(252,255)
237 (258,198)(291,285)(324,120)(246,282)(249,258)
238 (258,204)(297,294)(315,117)(243,288)(249,261)
239 (255,210)(303,300)(315,129)(246,297)(192,177)
240 (255,213)(306,300)(252,297)(321,144)(189,198)
241 (255,216)(330,162)(303,294)(261,291)(186,192)
242 (267,285)(297,291)(252,216)(330,177)(183,183)
243 (273,276)(294,285)(327,180)(249,219)(180,171)
244 (270,273)(294,282)(324,180)(246,222)(180,159)
245 (261,273)(294,276)(318,177)(243,219)(222,153)
246 (255,276)(294,273)(312,165)(240,219)(261,255)
247 (291,273)(249,282)(306,147)(240,216)(252,261)
248 (291,276)(243,285)(240,216)(303,138)(246,261)
249 (291,282)(243,216)(240,288)(300,135)(243,264)
250 (243,213)(294,285)(240,291)(309,141)(243,267)
251 (243,213)(291,291)(243,291)(318,156)(186,213)
252 (243,213)(285,294)(243,291)(327,171)(186,213)
253 (243,213)(282,294)(243,291)(327,177)(180,204)
254 (240,213)(282,294)(243,291)(324,162)(171,180)
255 (240,213)(279,294)(240,288)(321,156)(243,264)
256 (240,210)(279,291)(237,285)(309,138)(240,261)
257 (240,210)(279,285)(231,282)(297,129)(231,258)
258 (240,207)(279,282)(228,282)(303,123)(228,255)
259 (240,210)(279,282)(228,282)(306,135)(231,258)
260 (279,279)(240,213)(231,282)(318,156)(234,258)
261 (282,279)(243,210)(324,180)(237,282)(234,258)
262 (288,276)(243,210)(324,195)(243,282)(198,219)
263 (291,276)(243,210)(324,195)(246,282)(195,219)
264 (294,273)(246,210)(249,282)(321,192)(183,207)
265 (297,273)(243,210)(252,282)(315,192)(171,186)
266 (294,276)(243,207)(312,192)(252,282)(171,165)
267 (288,276)(240,207)(312,186)(246,279)(246,255)
268 (279,276)(234,207)(312,174)(237,276)(240,249)
269 (267,276)(231,204)(225,270)(312,165)(234,246)
270 (255,273)(222,267)(309,171)(228,201)(234,246)
271 (246,273)(228,204)(219,270)(309,177)(228,246)
272 (246,276)(303,189)(228,204)(219,270)(225,246)
273 (255,282)(228,207)(300,201)(219,273)(231,252)
274 (261,288)(225,207)(297,207)(225,276)(231,252)
275 (270,288)(225,204)(294,207)(231,279)(273,264)
276 (279,285)(225,204)(291,204)(237,279)(162,180)
277 (282,282)(240,279)(285,201)(222,207)(159,177)
278 (279,201)(282,276)(243,276)(222,207)(246,255)
279 (240,276)(279,273)(276,195)(219,207)(159,171)
280 (234,270)(276,273)(273,183)(216,210)(156,168)
281 (270,273)(231,267)(264,177)(216,210)(156,168)
282 (267,276)(228,267)(264,189)(213,210)(156,165)
283 (261,279)(258,207)(228,267)(213,210)(156,165)
284 (258,279)(228,267)(255,222)(216,210)(270,201)
285 (252,288)(228,267)(255,228)(216,210)(255,267)
286 (255,222)(228,267)(252,282)(216,207)(159,165)
287 (270,195)(231,267)(252,285)(216,207)(270,174)
288 (231,267)(270,162)(255,285)(216,207)(252,264)
289 (231,267)(261,282)(279,150)(216,207)(240,288)
290 (228,270)(264,282)(273,147)(219,204)(243,291)
291 (228,270)(264,288)(273,156)(219,207)(162,162)
292 (276,177)(228,270)(270,279)(219,207)(162,159)
293 (270,207)(273,276)(231,267)(219,207)(282,186)
294 (261,234)(270,276)(231,267)(222,207)(159,162)
295 (270,276)(258,228)(231,264)(222,207)(228,285)
296 (267,216)(270,273)(231,264)(222,204)(282,195)
297 (282,186)(270,276)(234,264)(222,204)(231,285)
298 (270,276)(234,264)(282,165)(225,207)(231,285)
299 (273,276)(285,162)(234,264)(225,204)(252,285)
300 (273,279)(291,177)(231,273)(225,204)(252,282)
301 (273,279)(294,195)(231,276)(225,204)(252,282)
302 (282,219)(270,279)(231,273)(225,204)(165,156)
303 (270,279)(270,225)(231,273)(225,207)(234,249)
304 (288,201)(267,276)(231,273)(225,204)(234,249)
305 (267,276)(285,168)(231,273)(225,204)(231,249)
306 (270,276)(231,273)(285,150)(225,207)(234,249)
307 (270,279)(231,273)(282,144)(225,207)(237,252)
308 (273,279)(282,147)(231,276)(228,204)(237,252)
309 (285,165)(273,279)(234,276)(228,204)(237,252)
310 (288,195)(273,279)(234,276)(225,204)(240,252)
311 (273,279)(279,219)(234,276)(225,207)(240,252)
312 (291,192)(270,279)(225,204)(231,276)(243,255)
313 (270,279)(291,165)(231,273)(225,207)(243,252)
314 (270,279)(291,150)(234,273)(225,207)(240,252)
315 (273,279)(288,144)(234,276)(225,207)(240,252)
316 (273,279)(291,156)(234,276)(225,207)(237,252)
317 (294,180)(273,279)(234,276)(225,207)(240,252)
318 (288,213)(273,279)(234,276)(225,204)(297,192)
319 (270,237)(270,279)(231,276)(225,207)(237,255)
320 (267,279)(255,234)(231,267)(225,207)(273,213)
321 (261,219)(264,276)(231,273)(225,204)(240,252)
322 (276,195)(264,279)(231,273)(225,204)(273,174)
323 (267,279)(279,162)(231,276)(225,207)(240,255)
324 (270,279)(282,144)(231,276)(225,207)(240,255)
325 (273,279)(285,150)(234,267)(225,204)(276,129)
326 (273,279)(288,156)(231,276)(225,207)(237,252)
327 (291,183)(273,279)(231,276)(225,204)(252,285)
328 (270,279)(282,213)(231,276)(222,207)(234,252)
329 (267,279)(279,213)(228,273)(222,207)(288,192)
330 (288,186)(264,279)(225,273)(219,204)(231,249)
331 (264,276)(285,156)(225,273)(219,204)(228,249)
332 (264,276)(282,144)(225,273)(222,204)(231,249)
333 (267,276)(282,147)(225,273)(222,204)(246,276)
334 (267,279)(285,165)(225,273)(222,204)(165,144)
335 (267,279)(285,192)(228,273)(222,204)(231,249)
336 (267,279)(291,192)(228,273)(219,204)(231,249)
337 (267,276)(291,159)(225,273)(222,204)(231,249)
338 (267,276)(288,138)(228,273)(222,204)(234,249)
339 (270,273)(285,123)(225,201)(231,273)(234,249)
340 (276,279)(231,198)(234,273)(288,120)(276,255)
341 (285,279)(231,198)(297,129)(240,276)(243,252)
342 (291,276)(237,198)(243,276)(303,123)(246,252)
343 (243,195)(294,276)(246,276)(306,120)(249,252)
344 (249,192)(294,273)(252,273)(312,117)(252,249)
345 (258,186)(300,267)(252,267)(324,114)(300,246)
346 (267,177)(303,252)(339,102)(255,258)(234,264)
347 (279,171)(306,243)(351,96)(252,249)(255,225)
348 (294,165)(309,237)(366,84)(255,243)(261,216)
349 (312,159)(315,231)(381,78)(261,237)(243,90)
350 (327,159)(396,75)(321,228)(270,234)(252,96)
351 (333,228)(411,78)(342,162)(282,237)(273,99)
352 (342,234)(423,81)(294,243)(357,171)(294,105)
353 (351,243)(435,90)(312,255)(315,114)(372,180)
354 (363,249)(450,102)(327,267)(336,132)(387,192)
355 (459,120)(381,252)(351,276)(330,162)(351,159)
356 (459,123)(402,249)(381,279)(330,180)(414,174)
357 (420,246)(411,279)(456,123)(336,183)(417,165)
358 (447,117)(435,246)(342,171)(441,276)(414,162)
359 (351,141)(450,267)(453,246)(411,156)(438,105)
360 (351,114)(453,252)(408,153)(426,237)(330,120)
361 (351,99)(447,246)(402,147)(420,231)(330,99)
362 (345,99)(435,249)(399,141)(408,231)(393,63)
363 (339,111)(396,141)(423,255)(399,63)(402,264)
364 (390,144)(405,66)(327,135)(405,261)(387,231)
365 (387,150)(387,243)(408,72)(324,126)(384,264)
366 (381,156)(381,234)(318,90)(414,75)(363,264)
367 (372,159)(378,228)(339,249)(420,75)(321,84)
368 (363,153)(363,225)(315,231)(429,81)(294,228)
369 (357,147)(348,225)(438,87)(288,210)(312,75)
370 (351,147)(273,198)(438,90)(324,222)(312,66)
371 (348,150)(261,195)(435,90)(312,222)(309,66)
372 (348,156)(258,201)(420,84)(306,225)(300,78)
373 (351,165)(261,210)(312,231)(417,84)(285,96)
374 (351,165)(279,228)(333,246)(411,78)(282,96)
375 (345,162)(306,240)(405,72)(363,246)(303,81)
376 (342,156)(381,228)(333,237)(294,69)(399,63)
377 (342,144)(390,204)(405,57)(348,231)(276,63)
378 (345,132)(390,195)(408,57)(261,66)(360,231)
379 (348,126)(387,195)(408,63)(249,78)(363,231)
380 (348,126)(378,201)(405,69)(366,237)(243,102)
381 (345,132)(396,75)(369,249)(375,213)(240,144)
382 (339,150)(384,87)(372,270)(366,228)(381,249)
383 (333,174)(366,297)(372,102)(381,276)(237,192)
384 (327,195)(354,105)(354,303)(366,282)(234,201)
385 (315,207)(345,282)(351,108)(321,297)(300,300)
386 (273,285)(327,273)(360,120)(306,210)(228,219)
387 (231,255)(369,141)(309,267)(225,219)(300,210)
388 (216,231)(366,153)(291,264)(291,210)(210,210)
389 (210,231)(360,159)(279,267)(231,222)(189,231)
390 (198,240)(270,267)(351,171)(210,219)(267,207)
391 (201,255)(264,264)(339,177)(198,216)(261,207)
392 (207,270)(261,258)(252,204)(330,174)(186,270)
393 (243,201)(261,258)(216,282)(318,165)(195,282)
394 (231,198)(261,258)(309,150)(222,285)(243,279)
395 (222,195)(261,258)(297,132)(228,279)(225,252)
396 (258,261)(210,192)(276,111)(225,273)(222,246)
397 (249,261)(201,183)(210,264)(252,99)(213,234)
398 (237,249)(198,168)(198,249)(252,90)(177,249)
399 (195,153)(225,240)(183,234)(267,81)(246,237)
400 (189,141)(216,234)(174,207)(270,75)(237,231)
401 (186,132)(207,231)(171,198)(267,63)(186,231)
402 (186,126)(195,225)(171,192)(264,54)(147,45)
403 (183,120)(189,216)(165,186)(273,54)(153,36)
404 (186,117)(189,213)(159,186)(276,54)(150,30)
405 (189,117)(192,210)(153,186)(276,51)(147,33)
406 (192,117)(198,207)(150,186)(282,48)(144,30)
407 (198,117)(207,207)(147,192)(282,48)(144,33)
408 (204,123)(213,210)(153,198)(288,51)(147,39)
409 (210,129)(219,207)(159,207)(288,54)(147,51)
410 (219,144)(225,216)(168,225)(291,63)(147,69)
411 (225,162)(231,228)(180,246)(291,75)(147,99)
412 (240,246)(237,186)(198,267)(291,87)(153,132)
413 (252,258)(216,285)(288,102)(246,210)(168,153)
414 (267,270)(237,291)(294,114)(255,219)(177,162)
415 (282,270)(252,288)(264,210)(315,120)(177,180)
416 (273,198)(288,273)(339,132)(258,288)(189,204)
417 (285,192)(351,156)(300,273)(279,285)(207,216)
418 (291,192)(357,168)(315,276)(276,294)(219,216)
419 (300,189)(360,171)(327,276)(294,291)(228,216)
420 (306,189)(363,177)(333,270)(237,213)(297,288)
421 (312,186)(366,177)(243,210)(336,264)(300,282)
422 (315,186)(369,174)(297,279)(339,261)(231,195)
423 (318,183)(375,165)(297,273)(333,258)(231,174)
424 (378,156)(291,267)(321,183)(327,252)(237,156)
425 (381,141)(288,261)(321,180)(324,249)(249,132)
426 (378,126)(315,180)(282,258)(321,246)(261,117)
427 (312,177)(375,120)(276,255)(312,246)(264,111)
428 (312,174)(372,114)(300,246)(267,258)(255,111)
429 (312,174)(291,246)(369,120)(261,264)(243,120)
430 (369,132)(309,177)(288,246)(255,264)(225,144)
431 (360,153)(288,246)(303,177)(258,264)(225,183)
432 (351,162)(291,243)(300,177)(261,264)(228,195)
433 (261,264)(348,156)(288,243)(294,180)(225,198)
434 (261,261)(345,141)(288,240)(288,180)(210,189)
435 (264,255)(339,126)(285,240)(282,180)(204,171)
436 (264,252)(327,105)(285,240)(273,180)(195,135)
437 (279,240)(258,252)(267,177)(306,87)(207,105)
438 (258,171)(273,234)(288,81)(243,249)(207,93)
439 (249,156)(261,225)(300,66)(222,240)(186,84)
440 (240,138)(252,216)(318,72)(180,69)(201,222)
441 (234,126)(240,210)(318,72)(174,54)(186,210)
442 (225,120)(231,210)(312,69)(171,42)(171,201)
443 (216,117)(219,216)(306,75)(174,36)(159,192)
444 (210,120)(207,222)(297,78)(177,33)(150,192)
445 (204,126)(189,228)(294,78)(144,195)(177,39)
446 (177,234)(201,138)(291,87)(135,204)(171,51)
447 (174,243)(198,150)(285,96)(135,219)(162,66)
448 (198,165)(177,261)(153,87)(138,240)(282,108)
449 (198,183)(186,279)(147,261)(141,114)(279,120)
450 (198,192)(216,282)(168,273)(279,126)(147,270)
451 (195,192)(252,267)(279,126)(198,273)(231,270)
452 (222,261)(195,189)(267,246)(276,120)(117,141)
453 (237,249)(276,219)(198,183)(267,111)(237,228)
454 (243,234)(273,207)(198,180)(258,96)(240,213)
455 (234,225)(267,207)(252,78)(204,171)(144,87)
456 (216,216)(258,207)(276,78)(207,159)(144,72)
457 (246,204)(195,198)(288,69)(225,210)(153,57)
458 (291,51)(237,204)(186,183)(219,129)(162,45)
459 (228,117)(186,171)(234,204)(303,39)(180,24)
460 (243,105)(192,168)(240,195)(321,30)(189,18)
461 (261,93)(255,189)(201,168)(333,18)(195,15)
462 (279,84)(348,3)(273,186)(213,171)(204,18)
463 (297,81)(363,0)(297,186)(216,18)(228,177)
464 (315,81)(372,3)(225,24)(318,189)(249,186)
465 (330,90)(375,15)(339,195)(237,42)(276,198)
466 (345,102)(381,27)(363,210)(249,63)(306,219)
467 (357,123)(384,39)(378,225)(339,243)(264,90)
468 (369,147)(384,60)(372,267)(396,246)(279,120)
469 (378,168)(387,78)(309,129)(399,255)(393,279)
470 (384,180)(402,249)(321,135)(393,276)(402,84)
471 (393,243)(426,93)(381,264)(324,150)(387,180)
472 (387,225)(366,237)(450,105)(387,174)(324,159)
473 (459,114)(387,219)(348,225)(324,156)(390,174)
474 (465,111)(333,219)(387,219)(315,141)(390,174)
475 (465,108)(324,222)(381,222)(387,174)(315,117)
476 (375,225)(459,99)(321,231)(378,168)(324,87)
477 (366,159)(366,228)(444,87)(321,231)(324,69)
478 (354,144)(348,225)(426,69)(312,63)(321,225)
479 (348,129)(333,216)(420,54)(303,51)(312,219)
480 (342,114)(321,210)(420,45)(294,27)(300,213)
481 (333,99)(411,33)(279,18)(318,204)(297,198)
482 (267,0)(324,87)(315,195)(399,21)(264,195)
483 (258,0)(384,0)(312,192)(318,78)(261,183)
484 (309,189)(309,72)(375,0)(249,0)(228,183)
485 (306,189)(366,0)(297,72)(240,0)(219,177)
486 (300,192)(360,3)(288,75)(231,0)(213,183)
487 (225,0)(288,201)(279,84)(360,21)(219,156)
488 (273,207)(267,96)(213,15)(351,33)(198,198)
489 (261,105)(258,216)(336,36)(210,24)(195,204)
490 (249,111)(249,216)(204,24)(327,36)(195,204)
491 (240,111)(243,207)(321,39)(192,18)(201,198)
492 (231,111)(234,195)(195,189)(318,42)(180,24)
493 (222,111)(228,186)(183,183)(309,42)(168,24)
494 (222,183)(171,183)(300,45)(216,120)(156,30)
495 (165,183)(225,186)(291,48)(141,54)(213,138)
496 (162,186)(231,195)(285,60)(126,87)(279,81)
497 (162,198)(237,210)(279,72)(123,120)(270,93)
498 (246,225)(171,216)(270,87)(126,126)(264,108)
499 (249,237)(186,237)(258,99)(147,120)(258,120)
500 (240,249)(261,111)(195,252)(150,114)(243,228)
501 (225,255)(282,123)(204,255)(198,189)(144,108)
502 (198,183)(207,261)(186,261)(297,138)(147,102)
503 (198,180)(195,264)(174,264)(291,135)(156,102)
504 (192,270)(204,177)(171,267)(282,132)(150,276)
505 (207,177)(207,279)(282,123)(159,264)(159,105)
506 (210,174)(225,276)(285,120)(150,120)(144,264)
507 (210,177)(243,273)(288,126)(174,261)(150,264)
508 (207,177)(252,264)(294,135)(174,264)(156,108)
509 (204,177)(189,249)(255,255)(294,135)(165,105)
510 (204,171)(198,225)(285,117)(240,246)(159,93)
511 (192,210)(204,168)(216,234)(276,99)(159,84)
512 (192,216)(273,93)(183,195)(207,168)(159,81)
513 (192,213)(177,192)(276,93)(165,87)(207,171)
514 (174,198)(198,216)(288,102)(165,96)(207,177)
515 (168,207)(201,225)(297,114)(165,117)(246,126)
516 (165,222)(210,234)(303,120)(174,117)(267,144)
517 (174,234)(225,237)(297,108)(192,93)(153,231)
518 (234,234)(228,174)(186,240)(288,99)(186,90)
519 (228,156)(234,228)(294,84)(195,243)(180,78)
520 (234,144)(234,228)(312,84)(180,60)(207,234)
521 (240,135)(234,225)(324,93)(180,57)(207,237)
522 (237,231)(246,132)(171,63)(327,105)(210,243)
523 (243,246)(249,135)(165,81)(324,120)(216,249)
524 (252,261)(252,144)(324,120)(231,252)(165,102)
525 (255,159)(261,273)(228,264)(306,102)(177,105)
526 (258,162)(273,267)(210,96)(219,267)(300,93)
527 (261,156)(213,87)(309,84)(282,249)(231,258)
528 (264,144)(225,225)(207,69)(321,78)(285,234)
529 (267,138)(279,213)(333,72)(219,198)(201,60)
530 (267,198)(345,72)(270,135)(216,177)(195,63)
531 (354,81)(255,186)(213,168)(267,138)(198,78)
532 (357,93)(213,168)(249,183)(201,90)(288,87)
533 (210,168)(249,186)(357,99)(210,93)(288,117)
534 (210,174)(246,198)(348,105)(306,159)(333,126)
535 (213,186)(249,204)(342,102)(303,159)(330,129)
536 (222,195)(258,210)(351,96)(300,129)(330,114)
537 (234,204)(267,213)(354,93)(213,201)(303,108)
538 (261,147)(240,213)(276,219)(354,87)(219,210)
539 (261,144)(285,222)(243,222)(351,81)(219,60)
540 (261,141)(294,225)(345,75)(240,225)(219,57)
541 (258,138)(297,231)(336,66)(210,60)(237,228)
542 (258,138)(291,237)(333,63)(207,66)(225,234)
543 (255,144)(285,243)(204,72)(336,69)(219,246)
544 (255,150)(279,252)(198,84)(330,75)(216,246)
545 (255,162)(270,264)(195,99)(324,90)(216,270)
546 (252,177)(267,279)(189,114)(321,105)(213,282)
547 (252,186)(270,279)(177,135)(324,117)(225,249)
548 (252,189)(279,270)(330,123)(231,267)(171,168)
549 (282,255)(336,138)(237,255)(249,192)(174,177)
550 (240,243)(285,243)(333,153)(246,195)(171,183)
551 (243,237)(288,237)(330,159)(249,192)(171,189)
552 (240,234)(285,237)(321,165)(183,195)(240,129)
553 (237,237)(282,240)(312,174)(186,195)(246,189)
554 (234,243)(279,246)(303,180)(243,189)(186,195)
555 (276,249)(231,252)(300,189)(240,189)(186,189)
556 (273,252)(228,255)(240,186)(297,195)(183,186)
557 (270,258)(234,183)(225,258)(297,201)(177,180)
558 (234,180)(267,258)(225,258)(294,198)(180,180)
559 (231,180)(264,264)(222,258)(294,195)(183,177)
560 (231,180)(264,261)(294,192)(222,258)(165,156)
561 (228,180)(264,264)(291,180)(222,255)(165,117)
562 (225,183)(261,264)(297,165)(219,252)(264,243)
563 (258,255)(219,180)(213,246)(297,153)(219,222)
564 (249,249)(207,237)(216,183)(297,144)(213,216)
565 (240,246)(195,228)(297,153)(213,186)(231,120)
566 (189,225)(231,240)(294,165)(213,183)(225,120)
567 (189,228)(228,240)(288,180)(219,192)(156,117)
568 (189,234)(231,240)(285,192)(216,195)(147,129)
569 (189,243)(237,246)(285,195)(141,159)(219,192)
570 (243,249)(192,249)(282,195)(219,195)(153,195)
571 (249,252)(201,258)(219,189)(282,189)(171,207)
572 (255,252)(219,189)(207,264)(282,183)(171,207)
573 (219,183)(258,255)(285,177)(150,192)(210,267)
574 (222,183)(258,255)(291,165)(216,270)(141,168)
575 (222,183)(258,258)(294,147)(216,270)(144,138)
576 (225,183)(252,261)(297,132)(210,273)(159,111)
577 (225,186)(249,261)(300,126)(198,270)(204,240)
578 (225,186)(237,267)(306,132)(195,264)(177,108)
579 (231,189)(315,153)(231,267)(186,261)(171,117)
580 (234,189)(183,255)(231,264)(315,183)(162,129)
581 (237,192)(306,201)(186,243)(237,264)(162,165)
582 (294,207)(189,243)(240,195)(243,255)(180,201)
583 (195,246)(288,207)(255,252)(243,198)(198,213)
584 (207,252)(264,249)(291,201)(183,210)(243,198)
585 (222,258)(270,246)(303,189)(246,195)(168,192)
586 (234,264)(270,249)(249,192)(315,168)(162,162)
587 (267,249)(249,192)(321,144)(246,264)(225,267)
588 (249,189)(264,252)(321,132)(240,267)(189,117)
589 (246,189)(258,255)(321,132)(192,114)(234,276)
590 (249,189)(330,141)(252,258)(231,270)(183,123)
591 (255,192)(333,165)(249,261)(174,135)(219,282)
592 (258,189)(324,189)(252,264)(213,273)(174,171)
593 (261,192)(312,198)(210,270)(258,264)(195,204)
594 (261,192)(210,270)(312,192)(267,261)(198,210)
595 (216,264)(318,183)(264,195)(273,258)(195,210)
596 (225,264)(327,165)(279,252)(264,195)(186,198)
597 (231,267)(327,135)(279,252)(264,198)(186,174)
598 (240,267)(318,114)(264,195)(276,252)(189,156)
599 (246,267)(264,195)(309,102)(276,252)(195,144)
600 (276,255)(270,195)(252,273)(309,102)(192,141)
601 (279,258)(270,195)(252,276)(315,114)(183,153)
602 (270,198)(279,261)(330,132)(249,279)(180,177)
603 (267,198)(339,159)(276,261)(246,279)(186,195)
604 (267,198)(276,264)(339,171)(240,282)(186,192)
605 (267,198)(339,162)(273,267)(237,282)(183,183)
606 (267,198)(336,150)(270,267)(231,282)(183,153)
607 (261,198)(267,264)(327,132)(228,276)(204,120)
608 (258,192)(261,261)(222,267)(225,111)(312,108)
609 (258,180)(255,249)(216,255)(324,105)(213,105)
610 (258,168)(252,237)(336,102)(213,243)(195,105)
611 (261,156)(252,228)(333,90)(210,231)(189,93)
612 (261,150)(255,222)(333,78)(207,225)(192,81)
613 (267,144)(261,216)(336,66)(210,222)(198,69)
614 (270,138)(273,213)(339,60)(219,219)(204,60)
615 (276,135)(288,210)(342,48)(231,216)(204,60)
616 (282,129)(303,207)(351,45)(249,213)(204,60)
617 (291,129)(315,201)(267,213)(357,39)(207,66)
618 (300,129)(330,201)(285,216)(360,33)(207,78)
619 (312,135)(348,204)(300,225)(366,33)(210,90)
620 (369,207)(324,144)(318,231)(375,39)(216,120)
621 (336,243)(387,210)(339,156)(381,51)(357,240)
622 (357,255)(405,222)(387,66)(351,174)(243,174)
623 (375,270)(420,237)(396,84)(366,195)(255,183)
624 (387,282)(429,255)(408,108)(375,216)(273,183)
625 (387,288)(423,270)(432,126)(375,219)(366,288)
626 (405,276)(465,156)(378,207)(378,294)(357,297)
627 (381,198)(468,183)(390,282)(348,291)(369,291)
628 (384,189)(459,192)(390,285)(309,195)(345,285)
629 (381,183)(444,192)(390,282)(318,192)(333,279)
630 (378,177)(393,273)(432,192)(312,186)(315,270)
631 (372,177)(393,270)(426,192)(303,183)(312,270)
632 (363,180)(393,267)(297,186)(423,189)(315,273)
633 (357,183)(390,267)(291,195)(336,273)(426,183)
634 (345,186)(345,270)(387,264)(291,204)(417,177)
635 (351,258)(384,255)(336,192)(282,204)(405,171)
636 (381,240)(348,243)(255,183)(324,195)(393,174)
637 (375,222)(342,234)(234,162)(387,177)(312,195)
638 (333,231)(369,207)(378,174)(225,153)(357,162)
639 (324,231)(360,204)(363,168)(339,153)(213,144)
640 (312,237)(351,210)(339,144)(204,150)(318,144)
641 (300,246)(321,123)(345,222)(279,198)(345,201)
642 (285,249)(333,234)(309,99)(270,192)(198,126)
643 (318,243)(270,249)(264,180)(315,93)(219,114)
644 (258,171)(303,246)(327,93)(255,249)(234,249)
645 (255,156)(324,81)(237,243)(276,246)(198,87)
646 (255,144)(324,78)(261,243)(201,75)(219,234)
647 (336,93)(255,141)(243,243)(201,66)(198,228)
648 (342,117)(225,246)(210,63)(252,141)(183,219)
649 (342,141)(210,252)(222,63)(252,147)(165,213)
650 (339,165)(195,258)(231,72)(255,159)(150,210)
651 (258,177)(234,81)(195,264)(336,171)(144,213)
652 (261,192)(147,234)(207,273)(228,96)(330,162)
653 (156,267)(231,288)(330,156)(258,210)(207,120)
654 (258,288)(318,144)(183,300)(258,216)(180,159)
655 (222,303)(255,219)(279,273)(291,129)(180,156)
656 (258,285)(246,213)(201,135)(282,249)(264,114)
657 (240,201)(276,252)(273,273)(174,138)(252,102)
658 (228,189)(273,243)(276,222)(252,90)(147,138)
659 (216,177)(258,246)(267,225)(258,90)(138,123)
660 (246,249)(204,174)(264,96)(249,228)(132,111)
661 (189,171)(237,258)(228,237)(270,111)(126,105)
662 (177,171)(222,270)(270,129)(126,99)(180,261)
663 (165,171)(201,279)(123,99)(255,117)(126,273)
664 (159,174)(177,285)(117,99)(108,267)(234,99)
665 (153,174)(150,282)(108,102)(87,246)(234,105)
666 (147,171)(135,273)(90,105)(84,222)(225,102)
667 (138,171)(132,270)(84,216)(75,111)(210,93)
668 (132,174)(135,267)(81,225)(204,96)(69,105)
669 (120,177)(141,264)(81,231)(201,102)(69,96)
670 (111,177)(87,240)(147,258)(69,87)(195,111)
671 (141,252)(189,117)(102,177)(93,243)(57,87)
672 (132,243)(186,135)(90,177)(93,240)(48,90)
673 (126,234)(180,156)(84,186)(78,255)(99,243)
674 (120,240)(174,171)(66,267)(81,198)(36,105)
675 (120,258)(168,171)(78,216)(66,282)(72,243)
676 (123,279)(162,168)(84,237)(63,300)(69,267)
677 (129,300)(69,318)(96,246)(165,165)(69,294)
678 (87,318)(105,240)(144,318)(177,165)(87,297)
679 (111,228)(111,294)(153,318)(195,165)(162,297)
680 (126,216)(126,285)(153,300)(210,165)(147,270)
681 (141,210)(150,288)(129,285)(222,165)(78,150)
682 (153,282)(156,207)(132,291)(228,165)(96,138)
683 (165,276)(168,207)(138,294)(234,162)(111,138)
684 (180,279)(183,207)(237,159)(132,300)(117,144)
685 (126,297)(195,285)(246,153)(192,210)(123,162)
686 (126,297)(207,279)(252,153)(129,183)(135,276)
687 (135,297)(207,267)(258,150)(150,210)(150,273)
688 (207,264)(156,297)(267,147)(165,180)(168,276)
689 (207,261)(195,150)(186,297)(270,147)(174,153)
690 (216,273)(198,132)(273,147)(195,264)(231,204)
691 (282,153)(225,198)(183,123)(198,270)(234,249)
692 (222,192)(291,159)(201,270)(162,129)(222,228)
693 (222,186)(297,159)(189,276)(219,216)(159,132)
694 (228,186)(195,270)(300,162)(243,234)(156,141)
695 (231,186)(213,270)(231,249)(303,159)(150,150)
696 (237,186)(240,273)(303,159)(195,285)(150,165)
697 (240,186)(303,156)(270,273)(198,255)(159,192)
698 (240,189)(309,153)(282,261)(198,282)(195,255)
699 (237,192)(285,246)(204,261)(312,156)(153,141)
700 (279,240)(216,246)(312,153)(234,195)(171,120)
701 (222,225)(261,234)(312,156)(291,159)(180,117)
702 (219,210)(240,228)(312,156)(219,231)(168,111)
703 (222,222)(210,201)(312,159)(156,117)(201,222)
704 (306,159)(210,216)(198,195)(153,135)(237,138)
705 (300,156)(210,219)(189,213)(156,162)(237,138)
706 (198,225)(222,234)(297,153)(162,177)(231,132)
707 (201,240)(240,249)(297,147)(234,192)(147,165)
708 (267,255)(225,189)(207,255)(297,141)(147,159)
709 (225,183)(282,249)(300,132)(213,267)(144,153)
710 (228,177)(285,246)(300,123)(147,141)(219,273)
711 (228,174)(285,246)(297,111)(228,270)(150,132)
712 (228,171)(282,249)(288,99)(228,270)(153,123)
713 (231,168)(273,252)(276,87)(234,267)(162,117)
714 (237,165)(261,252)(273,72)(231,264)(171,108)
715 (243,159)(258,243)(288,78)(228,261)(174,102)
716 (246,150)(258,231)(303,72)(219,246)(180,93)
717 (252,144)(309,63)(267,222)(222,231)(186,81)
718 (258,138)(315,51)(276,216)(216,210)(195,69)
719 (267,132)(285,207)(327,45)(216,195)(207,57)
720 (279,126)(225,177)(297,195)(342,36)(213,54)
721 (294,120)(240,171)(309,186)(351,24)(216,57)
722 (255,165)(363,15)(321,177)(312,117)(222,60)
723 (372,0)(279,171)(339,171)(357,0)(357,0)
724 (306,177)(357,168)(378,0)(249,81)(342,117)
725 (330,189)(375,168)(387,0)(264,99)(354,123)
726 (360,201)(393,174)(402,0)(399,21)(279,114)
727 (384,213)(414,183)(408,30)(303,138)(384,192)
728 (405,234)(429,195)(420,54)(405,213)(324,150)
729 (414,252)(438,219)(426,69)(414,186)(417,231)
730 (414,171)(429,237)(411,267)(444,72)(333,180)
731 (414,156)(417,237)(465,87)(408,267)(336,183)
732 (411,144)(468,111)(417,240)(396,261)(339,177)
733 (405,138)(462,135)(417,246)(384,255)(336,171)
734 (396,138)(453,141)(372,243)(420,243)(327,165)
735 (387,141)(441,147)(363,237)(417,234)(309,162)
736 (378,147)(411,231)(432,147)(351,243)(297,159)
737 (366,153)(423,150)(402,234)(348,252)(288,165)
738 (357,159)(417,150)(393,243)(342,258)(282,174)
739 (348,168)(339,252)(381,246)(417,138)(273,180)
740 (372,234)(327,237)(333,177)(411,117)(246,153)
741 (324,231)(363,222)(390,102)(243,126)(318,183)
742 (318,228)(354,87)(354,204)(243,105)(282,126)
743 (309,216)(345,75)(348,192)(237,87)(270,120)
744 (297,201)(342,183)(351,69)(216,78)(297,180)
745 (285,189)(330,177)(354,60)(264,189)(282,168)
746 (354,60)(318,171)(270,183)(270,162)(333,66)
747 (348,69)(303,174)(258,183)(255,117)(327,78)
748 (339,87)(282,183)(246,183)(246,117)(303,180)
749 (327,102)(267,198)(234,195)(234,126)(288,192)
750 (261,216)(312,117)(222,210)(228,141)(225,189)
751 (249,240)(210,231)(222,165)(303,129)(222,210)
752 (237,270)(294,135)(201,255)(219,192)(240,249)
753 (237,285)(195,270)(285,123)(213,207)(216,291)
754 (195,264)(237,276)(285,120)(207,195)(156,120)
755 (186,249)(276,102)(198,183)(231,255)(126,96)
756 (183,165)(174,234)(264,90)(225,234)(153,237)
757 (174,153)(252,78)(156,228)(207,216)(102,63)
758 (246,78)(168,144)(132,231)(192,213)(111,237)
759 (237,84)(177,216)(111,237)(162,144)(66,90)
760 (93,246)(228,96)(162,225)(153,153)(72,252)
761 (78,261)(219,108)(141,237)(147,171)(81,240)
762 (72,282)(126,258)(141,192)(204,114)(72,261)
763 (69,303)(114,276)(141,216)(168,117)(72,282)
764 (120,276)(87,306)(165,123)(66,318)(84,285)
765 (123,282)(102,291)(174,120)(132,261)(51,210)
766 (138,267)(192,126)(159,258)(117,273)(45,192)
767 (159,252)(204,135)(150,273)(138,252)(144,198)
768 (168,249)(204,126)(144,195)(159,270)(78,120)
769 (171,249)(144,189)(99,105)(195,102)(150,261)
770 (147,171)(159,243)(96,99)(192,87)(138,252)
771 (153,153)(150,234)(219,87)(90,84)(117,243)
772 (159,144)(141,225)(231,87)(90,75)(96,231)
773 (162,138)(237,90)(144,222)(96,72)(84,216)
774 (243,99)(147,234)(102,75)(162,135)(93,195)
775 (150,246)(108,81)(252,117)(165,141)(81,204)
776 (150,258)(117,93)(255,132)(81,207)(171,150)
777 (153,261)(177,168)(246,123)(93,213)(132,264)
778 (177,171)(165,261)(234,120)(105,240)(135,96)
779 (171,171)(138,249)(237,120)(183,258)(132,93)
780 (168,165)(165,228)(195,237)(240,111)(111,90)
781 (165,159)(168,216)(201,210)(240,105)(105,81)
782 (165,210)(165,150)(204,189)(240,108)(93,78)
783 (159,219)(204,183)(234,114)(162,147)(78,102)
784 (153,225)(198,186)(225,120)(165,150)(81,126)
785 (144,237)(195,195)(225,123)(69,144)(138,216)
786 (141,249)(192,207)(225,129)(66,138)(135,228)
787 (135,261)(183,228)(219,138)(114,255)(135,240)
788 (123,261)(165,249)(210,141)(102,261)(114,240)
789 (126,264)(105,258)(201,132)(117,198)(84,267)
790 (102,264)(117,189)(198,138)(75,246)(81,267)
791 (78,258)(111,183)(63,228)(198,147)(99,261)
792 (69,261)(192,138)(51,225)(105,183)(48,258)
793 (60,264)(189,132)(39,231)(81,270)(60,228)
794 (63,273)(84,276)(72,243)(186,126)(51,252)
795 (72,282)(183,129)(93,285)(96,177)(96,258)
796 (105,294)(177,135)(84,291)(96,183)(162,159)
797 (162,147)(129,291)(108,297)(129,270)(153,168)
798 (156,141)(153,285)(132,291)(156,264)(147,162)
799 (177,276)(153,138)(147,159)(198,273)(90,132)
800 (147,141)(204,261)(183,249)(150,120)(147,162)
801 (228,243)(153,138)(201,234)(96,135)(156,159)
802 (243,231)(165,141)(201,231)(108,135)(198,210)
803 (252,225)(189,147)(198,237)(120,138)(210,153)
804 (255,225)(195,243)(216,150)(138,135)(195,150)
805 (252,234)(192,249)(237,153)(216,156)(150,138)
806 (246,243)(189,252)(252,153)(180,201)(189,228)
807 (234,249)(183,252)(270,153)(189,195)(189,228)
808 (219,252)(198,189)(177,249)(282,153)(198,258)
809 (204,186)(210,252)(174,246)(291,153)(183,225)
810 (213,186)(174,246)(207,255)(300,150)(177,222)
811 (219,186)(171,246)(210,261)(306,147)(177,222)
812 (225,186)(171,246)(216,261)(309,144)(171,120)
813 (228,186)(174,252)(309,144)(231,261)(177,120)
814 (231,189)(180,258)(309,141)(231,261)(180,120)
815 (234,186)(189,264)(309,141)(234,258)(180,123)
816 (234,189)(198,270)(306,141)(234,258)(180,123)
817 (234,189)(234,258)(306,138)(177,123)(207,273)
818 (231,189)(228,261)(303,138)(174,123)(210,282)
819 (228,189)(228,261)(300,138)(168,123)(210,282)
820 (222,189)(225,261)(297,138)(165,123)(204,282)
821 (219,189)(222,264)(291,135)(159,126)(201,273)
822 (213,189)(288,138)(219,264)(153,126)(198,276)
823 (210,189)(219,264)(285,135)(147,132)(183,276)
824 (204,192)(174,270)(216,267)(270,123)(141,132)
825 (198,186)(165,255)(216,255)(240,99)(141,114)
826 (165,231)(219,228)(234,81)(186,168)(165,210)
827 (219,195)(168,195)(240,57)(177,138)(168,174)
828 (216,168)(168,168)(243,42)(168,111)(171,147)
829 (171,144)(213,141)(237,36)(162,87)(174,123)
830 (171,126)(213,120)(222,27)(156,69)(72,21)
831 (171,114)(207,18)(213,105)(186,15)(66,27)
832 (171,111)(186,21)(216,99)(192,0)(69,33)
833 (171,117)(171,36)(219,102)(171,15)(150,30)
834 (174,126)(162,45)(225,108)(168,24)(84,24)
835 (177,141)(231,123)(168,54)(234,102)(165,33)
836 (234,147)(186,162)(174,51)(240,126)(168,72)
837 (234,174)(183,57)(192,186)(174,81)(240,153)
838 (228,207)(192,210)(180,63)(231,186)(177,84)
839 (201,222)(180,225)(222,219)(195,69)(180,204)
840 (195,231)(174,234)(231,69)(177,162)(171,207)
841 (189,159)(186,240)(165,240)(258,75)(165,213)
842 (207,156)(189,249)(159,240)(270,72)(162,216)
843 (225,153)(207,252)(177,63)(285,75)(156,237)
844 (246,147)(234,252)(201,60)(312,78)(165,225)
845 (267,141)(222,57)(261,249)(339,78)(183,222)
846 (288,141)(237,54)(282,249)(363,78)(189,222)
847 (309,141)(249,54)(300,246)(381,78)(234,231)
848 (330,141)(270,54)(393,75)(315,249)(267,237)
849 (345,144)(330,246)(399,72)(291,57)(309,243)
850 (363,147)(345,243)(411,69)(309,63)(324,255)
851 (378,147)(360,240)(321,63)(417,60)(357,219)
852 (390,147)(333,63)(375,240)(423,57)(369,219)
853 (345,66)(402,144)(390,237)(426,54)(381,216)
854 (357,72)(432,45)(414,141)(396,237)(393,216)
855 (363,69)(402,216)(441,39)(423,135)(399,237)
856 (414,204)(366,69)(432,132)(405,225)(450,33)
857 (423,201)(438,129)(372,66)(465,33)(405,225)
858 (429,204)(441,135)(480,42)(375,66)(405,225)
859 (441,144)(501,63)(435,216)(378,72)(408,234)
860 (510,87)(444,156)(435,231)(405,243)(378,90)
861 (444,171)(513,105)(432,249)(402,258)(378,108)
862 (513,123)(444,180)(435,249)(402,267)(375,123)
863 (501,132)(435,177)(444,249)(408,264)(360,135)
864 (423,177)(486,138)(411,258)(450,243)(345,135)
865 (405,180)(474,144)(447,237)(408,255)(345,123)
866 (390,180)(435,240)(462,150)(396,258)(330,120)
867 (375,183)(417,249)(453,153)(375,270)(396,261)
868 (360,192)(393,264)(447,156)(372,270)(348,279)
869 (348,201)(438,159)(366,273)(345,282)(315,285)
870 (336,210)(348,279)(420,156)(309,285)(309,255)
871 (318,213)(393,150)(339,282)(303,279)(294,252)
872 (330,285)(372,141)(300,213)(282,276)(243,153)
873 (321,288)(282,276)(285,216)(348,132)(285,252)
874 (312,285)(282,267)(270,213)(342,135)(261,144)
875 (273,267)(300,282)(255,213)(333,144)(252,144)
876 (261,273)(288,285)(321,153)(246,216)(240,147)
877 (279,291)(246,288)(303,162)(237,228)(234,168)
878 (231,300)(273,300)(291,174)(225,240)(222,183)
879 (264,303)(216,312)(285,183)(213,243)(216,291)
880 (249,303)(201,234)(198,312)(282,198)(150,240)
881 (189,231)(231,303)(177,318)(147,237)(276,201)
882 (180,228)(219,315)(270,204)(165,318)(225,294)
883 (174,225)(210,318)(264,207)(153,318)(213,297)
884 (168,225)(195,318)(258,204)(147,318)(201,297)
885 (165,219)(180,318)(252,195)(186,297)(141,303)
886 (159,219)(174,306)(249,189)(135,297)(135,267)
887 (159,219)(165,300)(249,186)(129,291)(135,264)
888 (159,216)(162,294)(249,186)(126,285)(129,258)
889 (162,216)(168,291)(123,279)(252,186)(132,252)
890 (162,213)(180,282)(129,276)(252,189)(96,204)
891 (165,213)(189,273)(132,276)(252,186)(117,225)
892 (171,213)(204,267)(141,276)(252,189)(138,228)
893 (213,264)(174,210)(159,273)(255,186)(129,225)
894 (216,264)(177,207)(177,276)(258,189)(156,279)
895 (219,267)(183,207)(192,276)(258,192)(171,276)
896 (216,267)(186,210)(195,276)(261,198)(189,255)
897 (216,270)(189,210)(267,204)(195,273)(138,138)
898 (210,273)(195,210)(270,207)(189,276)(141,141)
899 (204,213)(207,273)(279,207)(183,282)(138,150)
900 (216,213)(288,204)(171,282)(210,273)(135,171)
901 (225,210)(297,192)(168,279)(216,273)(150,207)
902 (228,273)(303,177)(168,279)(231,210)(183,231)
903 (303,153)(243,270)(177,279)(240,210)(186,231)
904 (192,282)(255,264)(294,123)(249,207)(174,219)
905 (264,255)(216,276)(276,108)(264,207)(195,285)
906 (276,243)(243,270)(288,99)(204,198)(273,201)
907 (279,261)(285,234)(309,93)(276,132)(216,195)
908 (300,249)(324,84)(303,225)(285,132)(219,192)
909 (315,249)(336,84)(333,66)(333,66)(333,66)
910 (327,246)(363,75)(324,132)(366,96)(243,177)
911 (339,246)(384,81)(390,60)(351,132)(330,138)
912 (354,243)(411,69)(375,243)(408,90)(387,132)
913 (372,243)(432,75)(387,138)(414,129)(438,54)
914 (393,243)(456,72)(405,213)(459,51)(372,243)
915 (414,243)(480,69)(450,222)(435,243)(393,246)
916 (438,246)(507,63)(489,219)(417,246)(513,42)
917 (519,225)(459,252)(534,57)(495,171)(438,252)
918 (549,234)(516,162)(483,258)(462,261)(423,96)
919 (540,150)(567,246)(507,264)(435,90)(486,267)
920 (564,138)(537,267)(441,93)(543,144)(516,270)
921 (567,129)(441,105)(567,264)(537,270)(546,237)
922 (567,120)(438,129)(564,261)(564,141)(561,234)
923 (567,120)(444,150)(546,120)(567,231)(558,99)
924 (549,120)(441,156)(549,141)(567,213)(531,180)
925 (537,126)(429,156)(567,219)(537,105)(537,147)
926 (522,132)(567,90)(567,237)(414,147)(549,216)
927 (567,210)(504,138)(552,93)(567,231)(546,240)
928 (531,213)(480,147)(531,96)(516,243)(399,105)
929 (510,93)(462,246)(483,228)(459,153)(393,96)
930 (420,246)(486,87)(441,231)(375,102)(435,162)
931 (381,228)(459,81)(366,252)(351,120)(411,168)
932 (354,222)(420,72)(324,243)(390,168)(330,126)
933 (345,225)(294,234)(366,165)(396,75)(306,102)
934 (339,225)(342,156)(393,78)(282,228)(291,87)
935 (321,147)(336,216)(399,81)(279,222)(273,69)
936 (297,129)(330,207)(384,75)(282,207)(264,57)
937 (318,195)(282,114)(360,57)(276,189)(252,36)
938 (300,183)(336,42)(273,171)(267,99)(279,150)
939 (282,168)(315,27)(267,147)(261,168)(249,87)
940 (264,156)(297,12)(285,156)(258,135)(237,12)
941 (252,150)(279,0)(279,21)(222,6)(225,78)
942 (240,147)(261,0)(261,21)(261,141)(192,0)
943 (231,153)(243,15)(252,144)(240,36)(180,18)
944 (225,168)(246,156)(231,21)(252,135)(231,42)
